25
0101 Alice 2 7850.00 1 1
0102 Bob 1 8200.00 1 2
0103 Cindy 3 9150.00 2 1
0104 David 2 8600.00 2 2
0105 Ella 1 7900.00 3 1
0106 Frank 3 9300.00 1 2
0107 Grace 2 8450.00 2 1
0108 Henry 1 7700.00 3 2
0109 Iris 3 9500.00 1 1
0110 Jack 2 8800.00 2 2
0111 Kate 1 7650.00 3 1
0112 Leo 3 9250.00 1 2
0113 Mia 2 8300.00 2 1
0114 Nick 1 7950.00 3 2
0115 Olive 3 9400.00 1 1
0116 Paul 2 8550.00 2 2
0117 Queen 1 7800.00 3 1
0118 Ryan 3 9600.00 1 2
0119 Sara 2 8700.00 2 1
0120 Tom 1 7500.00 3 2
0121 Uma 3 9350.00 1 1
0122 Vince 2 8400.00 2 2
0123 Wendy 1 7750.00 3 1
0124 Xavier 3 9550.00 1 2
0125 Yoyo 2 8650.00 2 1
