55
0301 Amy 1 5280.00 2 1101 1102
0302 Bella 1 5160.00 2 1103 1104
0303 Cora 2 5690.00 3 1105 1106 1107
0304 Daisy 1 5020.00 2 1108 1109
0305 Ella 1 5330.00 2 1110 1111
0306 Fiona 2 5570.00 3 1112 1113 1114
0307 Grace 1 4960.00 2 1115 1116
0308 Hannah 1 5220.00 2 1117 1118
0309 Irene 2 5730.00 3 1119 1120 1121
0310 Julia 1 4850.00 2 1122 1123
0311 Kate 1 5190.00 2 1124 1125
0312 Luna 2 5460.00 3 1126 1127 1128
0313 Mabel 1 4780.00 2 1129 1130
0314 Nina 1 5080.00 2 1131 1132
0315 Olive 2 5390.00 3 1133 1134 1135
0316 Penny 1 4720.00 2 1136 1137
0317 Queenie 1 5130.00 2 1138 1139
0318 Rose 2 5490.00 3 1140 1141 1142
0319 Stella 1 4680.00 2 1143 1144
0320 Tina 1 4990.00 2 1145 1146
0321 Uma 2 5290.00 3 1147 1148 1149
0322 Vicky 1 4630.00 2 1150 1151
0323 Wendy 1 4890.00 2 1152 1153
0324 Xenia 2 5240.00 3 1154 1155 1156
0325 Yara 1 4580.00 2 1157 1158
0326 Zara 1 4830.00 2 1159 1160
0327 Ada 2 5180.00 3 1161 1162 1163
0328 Betty 1 4530.00 2 1164 1165
0329 Cindy 1 4790.00 2 1166 1167
0330 Doris 2 5140.00 3 1168 1169 1170

