1 110105199001011234 ZhangSan 0 1990 1 1 13800138001 None
2 110105198505055678 LiSi 1 1985 5 5 13900139002 Hypertension
3 110105200010109012 WangWu 0 2000 10 10 13700137003 Asthma
4 110105197012123456 ZhaoLiu 1 1970 12 12 13600136004 Diabetes
5 110105199508084321 ChenQi 0 1995 8 8 13500135005 None
6 110105196003038765 ZhouBa 0 1960 3 3 13400134006 HeartDisease
7 110105198807071111 WuJiu 1 1988 7 7 13300133007 None
8 110105201011112222 ZhengShi 0 2010 11 11 13200132008 None
9 110105197509093333 SunYi 1 1975 9 9 13100131009 Arthritis
10 110105199902024444 QianEr 0 1999 2 2 13000130010 None
11 110105198204045555 SunSan 0 1982 4 4 13811138111 None
12 110105200506066666 LiSiMing 1 2005 6 6 13922139222 PenicillinAllergy